Run semi-empirical minimization
 &qmmm
    qm_theory='AM1', grms_tol=0.0005,
 scfconv=1.d-10, ndiis_attempts=700,   qmcharge=0,
 /
   6    C1        6.0620       -0.3700       25.9140 
   6    C2        6.7750        0.1070       24.8270 
   6    C5        8.2370       -0.2760       22.8140 
   6    C6        7.4080       -2.1460       24.2970 
   6   C11        9.0630        0.8500       22.8750 
   6   C12        8.6680       -1.2510       19.1490 
   6   C13       10.6900        2.5310       21.8360 
   6   C14        9.7410       -1.8770       18.5760 
   6   C15        9.6060       -2.5440       17.4050 
   6   C16        8.3810       -2.5780       16.7880 
   6   C17        7.4240       -1.3050       18.4990 
   6   C10        9.7730        1.3130       21.7120 
   6   C18       10.7600        3.5690       20.9020 
   6   C19       11.6370        4.6220       21.1050 
   6   C20       12.4450        4.6580       22.2200 
   6   C21       12.3890        3.6490       23.1500 
   6   C22       11.5190        2.5890       22.9640 
   6   C23        9.9070        3.6020       19.6330 
   6    C3        6.0200       -1.7220       26.1980 
   6    C4        7.4570       -0.7880       24.0210 
   6    C7        6.6920       -2.6130       25.3850 
   6    C8        8.1210       -0.9780       21.5220 
   6    C9        9.6660        0.6150       20.4680 
   7    N1        8.8160       -0.5340       20.4000 
   7    N2        7.3220       -1.9710       17.3390 
   7    N3        9.2840        3.6380       18.6900 
   8    O1        7.3200       -2.1020       21.4270 
  17   CL1        5.2000        0.7750       26.9680 
  17   CL2        6.6290       -4.3580       25.7300 
   1     H        6.7980        1.1180       24.6200 
   1    H1        7.9080       -2.8120       23.6880 
   1    H2        9.1650        1.3570       23.7680 
   1    H3       10.6620       -1.8410       19.0400 
   1    H4       10.4160       -3.0220       16.9810 
   1    H5        8.2750       -3.0760       15.8910 
   1    H6        6.5990       -0.8390       18.9080 
   1    H7       11.6850        5.3870       20.4140 
   1    H8       13.0960        5.4470       22.3570 
   1    H9       12.9940        3.6810       23.9850 
   1   H10       11.4800        1.8320       23.6650 
   1   H11        5.4890       -2.0640       27.0140 
   1   H12       10.1900        0.9330       19.6380 

